statcpu -iter 760 -d 30

10:25:41 03/14/2018
node,cpu user sys idle intr/s ctxt/s
     0,0   12  75   13              
     0,1    3  86   12              
     0,2   19  68   13              
     0,3   52  31   18              
     0,4    0  80   20              
     0,5    9  56   35              
     0,6   17  48   35              
     0,7   10  51   39              
     0,8    1  82   18              
     0,9    6  74   20              
    0,10    0  75   25              
    0,11    0  81   19              
    0,12    0  66   34              
    0,13    9  68   23              
    0,14    0  78   22              
    0,15    0  74   26              
    0,16    0  55   45              
    0,17    0  56   44              
    0,18   35  32   33              
    0,19   17  46   37              
 0,total    9  64   27 226374 261231
                                    
     1,0    0  85   15              
     1,1    0  81   19              
     1,2    0  77   23              
     1,3    0  60   40              
     1,4    0  77   23              
     1,5    0  54   46              
     1,6    0  52   48              
     1,7    0  50   50              
     1,8    0  76   24              
     1,9    0  71   29              
    1,10    0  71   29              
    1,11    0  75   25              
    1,12    0  63   37              
    1,13    0  71   29              
    1,14    0  74   26              
    1,15    0  70   30              
    1,16    0  51   49              
    1,17    0  52   48              
    1,18    0  44   56              
    1,19    0  48   52              
 1,total    0  65   35 226674 283623
                                    
     2,0    0  85   15              
     2,1    0  86   14              
     2,2    3  79   18              
     2,3    0  65   35              
     2,4    0  77   23              
     2,5    0  59   41              
     2,6    0  55   45              
     2,7    0  58   42              
     2,8    0  80   20              
     2,9    0  76   24              
    2,10    0  75   25              
    2,11    0  79   21              
    2,12    9  61   29              
    2,13    0  74   26              
    2,14    0  77   23              
    2,15    0  75   25              
    2,16    0  56   44              
    2,17    0  59   41              
    2,18    0  46   54              
    2,19    0  48   52              
 2,total    1  69   31 226762 293303
                                    
     3,0   32  64    4              
     3,1   21  74    5              
     3,2   31  63    6              
     3,3   35  53   11              
     3,4   25  68    7              
     3,5   24  60   16              
     3,6   22  60   18              
     3,7   32  50   19              
     3,8   10  82    8              
     3,9   10  80   10              
    3,10   14  76   10              
    3,11   12  80    8              
    3,12   14  72   14              
    3,13    7  80   13              
    3,14   13  78    8              
    3,15    6  84   10              
    3,16   13  67   20              
    3,17   14  64   21              
    3,18   15  56   28              
    3,19   22  52   26              
 3,total   19  68   13 227031 236967
                                    

10:26:11 03/14/2018
node,cpu user sys idle intr/s ctxt/s
     0,0    2  84   14              
     0,1    1  86   13              
     0,2    8  76   16              
     0,3   21  49   30              
     0,4    0  78   22              
     0,5   13  53   34              
     0,6   38  38   23              
     0,7   18  45   37              
     0,8    2  81   17              
     0,9    2  74   24              
    0,10    0  73   27              
    0,11    0  79   21              
    0,12    9  64   27              
    0,13    0  73   27              
    0,14    1  76   23              
    0,15    1  73   26              
    0,16    1  55   44              
    0,17    0  57   43              
    0,18   45  29   26              
    0,19    5  47   48              
 0,total    8  64   27 228732 277081
                                    
     1,0    0  85   15              
     1,1    0  81   19              
     1,2    0  77   23              
     1,3    0  59   41              
     1,4    0  76   24              
     1,5    0  52   48              
     1,6    0  51   49              
     1,7    0  47   53              
     1,8    0  75   25              
     1,9    0  70   30              
    1,10    0  70   30              
    1,11    0  75   25              
    1,12    0  63   37              
    1,13    0  70   30              
    1,14    0  73   27              
    1,15    0  69   31              
    1,16    0  51   49              
    1,17    0  49   51              
    1,18    0  43   57              
    1,19    0  43   57              
 1,total    0  64   36 226067 291955
                                    
     2,0    0  84   16              
     2,1    0  84   16              
     2,2    3  78   20              
     2,3    0  62   38              
     2,4    0  75   25              
     2,5    0  55   44              
     2,6    0  54   46              
     2,7    0  51   49              
     2,8    0  78   22              
     2,9    0  72   27              
    2,10    0  72   28              
    2,11    0  77   23              
    2,12   10  58   32              
    2,13    0  72   28              
    2,14    0  76   24              
    2,15    0  72   28              
    2,16    0  54   46              
    2,17    0  53   47              
    2,18    0  47   53              
    2,19    0  43   57              
 2,total    1  66   33 229311 295321
                                    
     3,0   10  80   10              
     3,1    8  83    9              
     3,2   13  72   14              
     3,3    9  64   27              
     3,4   10  75   15              
     3,5   10  60   29              
     3,6   10  57   33              
     3,7    6  57   37              
     3,8    5  80   15              
     3,9    5  73   21              
    3,10    5  74   21              
    3,11    4  81   15              
    3,12    8  66   26              
    3,13    3  74   23              
    3,14    2  80   18              
    3,15    3  78   18              
    3,16    9  55   36              
    3,17    1  59   39              
    3,18   11  49   40              
    3,19    2  46   51              
 3,total    7  68   25 226874 271501
                                    

10:26:42 03/14/2018
node,cpu user sys idle intr/s ctxt/s
     0,0    0  82   18              
     0,1    0  86   14              
     0,2    2  78   20              
     0,3    0  60   40              
     0,4    3  71   26              
     0,5    0  53   47              
     0,6    0  50   50              
     0,7    0  51   49              
     0,8    4  74   22              
     0,9    6  68   26              
    0,10    0  70   30              
    0,11    0  75   25              
    0,12    2  60   38              
    0,13    0  70   30              
    0,14    4  72   25              
    0,15    0  70   30              
    0,16    0  48   52              
    0,17    0  50   50              
    0,18   33  30   36              
    0,19   45  23   32              
 0,total    5  62   33 230284 285911
                                    
     1,0    0  85   15              
     1,1    0  80   20              
     1,2    0  75   25              
     1,3    0  58   42              
     1,4    0  76   24              
     1,5    0  52   48              
     1,6    0  48   52              
     1,7    0  49   51              
     1,8    0  74   26              
     1,9    0  70   30              
    1,10    0  70   30              
    1,11    0  73   27              
    1,12    0  62   38              
    1,13    0  69   31              
    1,14    0  72   28              
    1,15    0  68   32              
    1,16    0  48   52              
    1,17    0  50   50              
    1,18    0  41   59              
    1,19    0  42   58              
 1,total    0  63   37 229694 295687
                                    
     2,0    0  81   19              
     2,1    0  83   17              
     2,2    2  76   22              
     2,3    0  58   42              
     2,4    0  71   29              
     2,5    0  52   48              
     2,6    0  50   50              
     2,7    0  44   56              
     2,8    0  75   25              
     2,9    0  69   31              
    2,10    0  70   30              
    2,11    0  75   25              
    2,12    7  57   36              
    2,13    0  69   31              
    2,14    0  72   28              
    2,15    0  70   30              
    2,16    0  50   50              
    2,17    0  46   54              
    2,18    0  42   58              
    2,19    0  39   61              
 2,total    0  62   37 232575 302790
                                    
     3,0   17  76    7              
     3,1    9  81   10              
     3,2   14  72   13              
     3,3   20  59   21              
     3,4   18  70   12              
     3,5   10  63   27              
     3,6   14  57   28              
     3,7   15  54   31              
     3,8   11  77   12              
     3,9    8  76   16              
    3,10   10  74   16              
    3,11    4  82   14              
    3,12   15  65   20              
    3,13    8  74   18              
    3,14   11  77   13              
    3,15    5  79   16              
    3,16   13  57   30              
    3,17   11  58   30              
    3,18   24  45   31              
    3,19   17  52   31              
 3,total   13  67   20 226778 259009
                                    

10:27:12 03/14/2018
node,cpu user sys idle intr/s ctxt/s
     0,0    0  80   20              
     0,1    0  84   16              
     0,2    6  74   20              
     0,3   12  51   37              
     0,4    0  71   29              
     0,5    8  47   44              
     0,6    7  45   49              
     0,7    1  47   52              
     0,8    0  75   25              
     0,9    8  67   25              
    0,10    2  67   30              
    0,11    0  73   27              
    0,12    4  59   37              
    0,13    0  67   33              
    0,14    0  72   28              
    0,15    0  67   33              
    0,16    0  49   51              
    0,17    0  49   51              
    0,18    2  41   57              
    0,19   52  17   31              
 0,total    5  60   35 230194 290043
                                    
     1,0    0  83   17              
     1,1    0  77   23              
     1,2    0  71   29              
     1,3    0  55   45              
     1,4    0  74   26              
     1,5    0  48   52              
     1,6    0  46   54              
     1,7    0  44   56              
     1,8    0  72   28              
     1,9    0  65   35              
    1,10    0  67   33              
    1,11    0  71   29              
    1,12    0  58   42              
    1,13    0  67   33              
    1,14    0  70   30              
    1,15    0  65   35              
    1,16    0  46   54              
    1,17    0  45   55              
    1,18    0  39   61              
    1,19    0  38   62              
 1,total    0  60   40 228293 292471
                                    
     2,0    0  79   20              
     2,1    0  83   17              
     2,2    2  76   21              
     2,3    0  57   43              
     2,4    0  68   31              
     2,5    0  51   48              
     2,6    0  47   53              
     2,7    0  45   55              
     2,8    0  73   27              
     2,9    0  68   32              
    2,10    0  68   32              
    2,11    0  73   27              
    2,12   10  54   36              
    2,13    0  69   31              
    2,14    0  71   29              
    2,15    0  68   32              
    2,16    0  47   53              
    2,17    0  46   54              
    2,18    0  36   64              
    2,19    0  40   60              
 2,total    1  61   38 233776 301891
                                    
     3,0    9  82    9              
     3,1   13  77   10              
     3,2   18  70   13              
     3,3   16  59   25              
     3,4   16  71   13              
     3,5   17  54   29              
     3,6   17  54   29              
     3,7   15  55   30              
     3,8    8  78   14              
     3,9    4  77   19              
    3,10    4  77   19              
    3,11    8  78   14              
    3,12    9  67   24              
    3,13    4  74   21              
    3,14    7  77   17              
    3,15    6  76   18              
    3,16   12  57   30              
    3,17    8  57   35              
    3,18   23  43   34              
    3,19   16  43   41              
 3,total   12  66   22 230112 267488
                                    

10:27:42 03/14/2018
node,cpu user sys idle intr/s ctxt/s
     0,0    0  83   17              
     0,1    0  89   11              
     0,2    0  83   17              
     0,3   34  40   26              
     0,4    4  73   23              
     0,5   13  48   39              
     0,6    6  54   40              
     0,7    0  58   42              
     0,8    2  78   19              
     0,9    2  74   25              
    0,10    0  73   27              
    0,11    0  79   21              
    0,12    2  64   35              
    0,13    0  72   28              
    0,14    0  79   21              
    0,15    0  74   26              
    0,16    0  56   44              
    0,17    1  59   41              
    0,18   21  39   40              
    0,19   18  38   44              
 0,total    5  66   29 227198 275295
                                    
     1,0    0  85   15              
     1,1    0  81   19              
     1,2    0  74   26              
     1,3    0  59   41              
     1,4    0  77   23              
     1,5    0  52   48              
     1,6    0  49   51              
     1,7    0  48   52              
     1,8    0  74   26              
     1,9    0  68   32              
    1,10    0  69   31              
    1,11    0  75   25              
    1,12    0  62   38              
    1,13    0  69   31              
    1,14    0  74   26              
    1,15    0  70   30              
    1,16    0  47   53              
    1,17    0  49   51              
    1,18    0  40   60              
    1,19    0  38   62              
 1,total    0  63   37 228945 299160
                                    
     2,0    0  81   19              
     2,1    0  84   16              
     2,2    2  78   20              
     2,3    0  58   42              
     2,4    0  71   29              
     2,5    0  52   48              
     2,6    0  48   52              
     2,7    0  47   53              
     2,8    0  75   25              
     2,9    0  69   31              
    2,10    0  70   30              
    2,11    0  75   25              
    2,12    7  58   36              
    2,13    0  70   30              
    2,14    0  72   28              
    2,15    0  71   29              
    2,16    0  48   52              
    2,17    0  47   53              
    2,18    0  39   61              
    2,19    0  39   61              
 2,total    0  63   37 234740 312606
                                    
     3,0    1  88   12              
     3,1    1  85   14              
     3,2    2  79   20              
     3,3    1  65   33              
     3,4    2  80   18              
     3,5    1  59   40              
     3,6    2  57   41              
     3,7    3  54   42              
     3,8    1  81   17              
     3,9    1  77   22              
    3,10    0  75   24              
    3,11    0  81   19              
    3,12    3  66   31              
    3,13    2  74   24              
    3,14    1  79   20              
    3,15    0  77   23              
    3,16    0  56   43              
    3,17    1  57   42              
    3,18    2  50   48              
    3,19    6  47   47              
 3,total    2  69   29 227765 291857
                                    

10:28:12 03/14/2018
node,cpu user sys idle intr/s ctxt/s
     0,0    0  75   25              
     0,1    0  81   19              
     0,2    0  75   25              
     0,3    1  51   48              
     0,4    9  59   32              
     0,5    0  44   56              
     0,6   18  36   46              
     0,7   25  31   44              
     0,8    3  66   30              
     0,9    8  59   34              
    0,10    0  63   37              
    0,11    0  69   31              
    0,12    0  53   47              
    0,13    0  63   37              
    0,14    0  67   33              
    0,15    0  62   38              
    0,16    0  40   60              
    0,17    0  40   60              
    0,18   15  29   56              
    0,19   21  25   54              
 0,total    5  54   41 235093 293367
                                    
     1,0    0  80   20              
     1,1    0  71   29              
     1,2    0  65   35              
     1,3    0  48   52              
     1,4    1  68   31              
     1,5    0  42   58              
     1,6    0  38   62              
     1,7    0  39   61              
     1,8    0  65   35              
     1,9    0  57   43              
    1,10    0  61   39              
    1,11    0  66   34              
    1,12    1  50   49              
    1,13    0  60   40              
    1,14    0  64   36              
    1,15    0  60   40              
    1,16    0  38   62              
    1,17    0  40   60              
    1,18    0  32   68              
    1,19    0  31   69              
 1,total    0  54   46 233643 300689
                                    
     2,0    0  77   23              
     2,1    1  80   18              
     2,2    3  73   24              
     2,3    0  55   44              
     2,4    0  65   34              
     2,5    0  49   51              
     2,6    0  46   54              
     2,7    0  44   56              
     2,8    0  70   30              
     2,9    0  64   36              
    2,10    0  66   34              
    2,11    0  71   29              
    2,12   10  53   38              
    2,13    0  65   35              
    2,14    0  68   32              
    2,15    0  67   33              
    2,16    0  46   54              
    2,17    0  46   54              
    2,18    0  38   62              
    2,19    0  38   62              
 2,total    1  59   40 235670 302335
                                    
     3,0   28  65    6              
     3,1   26  65   10              
     3,2   31  58   11              
     3,3   27  52   20              
     3,4   35  56    9              
     3,5   27  49   24              
     3,6   27  48   25              
     3,7   36  40   24              
     3,8   10  76   14              
     3,9   30  57   13              
    3,10   16  66   18              
    3,11   14  72   14              
    3,12   18  62   20              
    3,13   11  69   20              
    3,14    7  76   18              
    3,15    8  75   17              
    3,16   27  46   27              
    3,17   14  56   30              
    3,18   20  46   34              
    3,19   35  32   33              
 3,total   22  58   19 241400 268835
                                    

10:28:42 03/14/2018
node,cpu user sys idle intr/s ctxt/s
     0,0    4  80   17              
     0,1    0  89   11              
     0,2    2  81   17              
     0,3    3  59   38              
     0,4    1  72   27              
     0,5    3  54   43              
     0,6   50  27   23              
     0,7    3  48   49              
     0,8    0  78   21              
     0,9    1  71   28              
    0,10    7  67   26              
    0,11    0  76   24              
    0,12    1  61   38              
    0,13    0  70   30              
    0,14    0  74   26              
    0,15    1  70   30              
    0,16    0  50   50              
    0,17    0  49   51              
    0,18   28  32   41              
    0,19   12  38   50              
 0,total    6  62   32 234842 287989
                                    
     1,0    4  83   13              
     1,1    2  77   21              
     1,2    2  71   27              
     1,3    1  56   43              
     1,4    2  76   22              
     1,5    1  50   49              
     1,6    0  46   54              
     1,7    1  43   56              
     1,8    0  74   26              
     1,9    1  66   33              
    1,10    0  67   33              
    1,11    0  72   28              
    1,12    1  58   41              
    1,13    0  67   33              
    1,14    0  71   29              
    1,15    0  66   34              
    1,16    1  44   55              
    1,17    0  44   56              
    1,18    0  40   60              
    1,19    1  37   62              
 1,total    1  60   39 235173 302387
                                    
     2,0    5  78   17              
     2,1    1  85   14              
     2,2    3  79   18              
     2,3    1  59   39              
     2,4    1  72   27              
     2,5    1  54   45              
     2,6    1  50   49              
     2,7    1  48   51              
     2,8    1  76   23              
     2,9    0  70   30              
    2,10    0  72   28              
    2,11    0  76   24              
    2,12    6  58   36              
    2,13    0  71   29              
    2,14    2  71   26              
    2,15    0  71   29              
    2,16    0  52   48              
    2,17    0  50   50              
    2,18    2  44   54              
    2,19    0  41   59              
 2,total    1  64   35 234427 302766
                                    
     3,0    3  86   11              
     3,1    2  84   14              
     3,2    7  74   20              
     3,3    2  64   35              
     3,4    2  83   16              
     3,5    2  60   39              
     3,6    1  60   39              
     3,7    1  55   44              
     3,8    2  77   20              
     3,9    1  73   26              
    3,10    1  74   25              
    3,11    1  80   19              
    3,12    3  67   31              
    3,13    2  73   26              
    3,14    1  79   21              
    3,15    1  75   24              
    3,16    1  58   41              
    3,17    1  57   42              
    3,18    1  44   55              
    3,19    1  46   53              
 3,total    2  68   30 230144 291384
                                    

10:29:12 03/14/2018
node,cpu user sys idle intr/s ctxt/s
     0,0    5  76   19              
     0,1    2  82   16              
     0,2    3  76   21              
     0,3    7  55   39              
     0,4    8  65   27              
     0,5   48  28   24              
     0,6   26  36   39              
     0,7    1  46   53              
     0,8    2  74   24              
     0,9    1  69   30              
    0,10    0  69   31              
    0,11    0  73   27              
    0,12   13  55   32              
    0,13    0  68   32              
    0,14    0  71   29              
    0,15    0  67   32              
    0,16   31  34   34              
    0,17    0  46   53              
    0,18    6  42   52              
    0,19   13  37   50              
 0,total    8  58   33 225389 279019
                                    
     1,0    2  84   14              
     1,1    1  80   19              
     1,2    4  74   22              
     1,3    0  61   38              
     1,4    0  78   21              
     1,5    1  56   44              
     1,6    0  53   46              
     1,7    1  53   46              
     1,8    1  76   24              
     1,9    1  70   29              
    1,10    0  73   27              
    1,11    0  76   24              
    1,12    2  65   33              
    1,13    0  72   28              
    1,14    0  75   25              
    1,15    1  71   29              
    1,16    1  55   45              
    1,17    0  57   43              
    1,18    0  46   53              
    1,19    1  45   54              
 1,total    1  66   33 215474 275351
                                    
     2,0    2  75   23              
     2,1    4  77   18              
     2,2    4  71   25              
     2,3    1  54   45              
     2,4    2  64   34              
     2,5    0  48   51              
     2,6    1  44   55              
     2,7    1  42   57              
     2,8    1  69   30              
     2,9    1  62   36              
    2,10    1  66   33              
    2,11    0  69   30              
    2,12   11  51   39              
    2,13    0  65   35              
    2,14    0  67   33              
    2,15    0  64   36              
    2,16    0  44   55              
    2,17    0  44   56              
    2,18    0  38   62              
    2,19    0  33   66              
 2,total    2  57   41 227736 300022
                                    
     3,0   25  66    9              
     3,1   16  74   11              
     3,2   23  63   14              
     3,3   22  55   23              
     3,4   30  60   10              
     3,5   14  56   30              
     3,6   27  44   28              
     3,7   21  48   31              
     3,8    9  75   16              
     3,9   10  71   18              
    3,10   13  68   19              
    3,11   17  70   13              
    3,12   20  58   22              
    3,13   15  66   19              
    3,14    9  74   17              
    3,15   12  71   17              
    3,16   18  48   34              
    3,17   20  51   29              
    3,18   12  51   37              
    3,19   22  43   35              
 3,total   18  61   22 230067 260689
                                    

10:29:43 03/14/2018
node,cpu user sys idle intr/s ctxt/s
     0,0    1  86   13              
     0,1    0  91    8              
     0,2   13  76   12              
     0,3    6  66   28              
     0,4    0  82   18              
     0,5    6  61   33              
     0,6    9  58   33              
     0,7   15  51   34              
     0,8    2  85   13              
     0,9    0  82   18              
    0,10    0  80   20              
    0,11    0  84   16              
    0,12    0  74   26              
    0,13    0  80   20              
    0,14    0  83   17              
    0,15    0  79   21              
    0,16   72  24    4              
    0,17    0  62   38              
    0,18   18  53   29              
    0,19   39  37   24              
 0,total    9  70   21 218903 259578
                                    
     1,0    0  88   12              
     1,1    0  85   15              
     1,2    0  79   21              
     1,3    0  66   34              
     1,4    0  81   19              
     1,5    0  58   42              
     1,6    0  55   45              
     1,7    0  55   45              
     1,8    0  80   20              
     1,9    0  74   26              
    1,10    0  75   25              
    1,11    0  78   22              
    1,12    0  68   32              
    1,13    0  74   26              
    1,14    0  77   23              
    1,15    0  73   27              
    1,16    0  55   45              
    1,17    0  55   45              
    1,18    0  52   48              
    1,19    0  48   52              
 1,total    0  69   31 217010 285659
                                    
     2,0    1  85   15              
     2,1    1  88   11              
     2,2    3  82   15              
     2,3    0  68   32              
     2,4    0  78   22              
     2,5    0  63   37              
     2,6    0  60   40              
     2,7    0  57   43              
     2,8    0  82   18              
     2,9    0  78   22              
    2,10    0  78   22              
    2,11    0  81   19              
    2,12   10  66   24              
    2,13    0  77   22              
    2,14    0  79   21              
    2,15    0  76   23              
    2,16    0  61   38              
    2,17    0  58   42              
    2,18    0  53   47              
    2,19    0  53   46              
 2,total    1  71   28 216919 286546
                                    
     3,0   14  80    7              
     3,1   12  79    9              
     3,2   13  76   11              
     3,3   10  68   22              
     3,4   11  79   10              
     3,5    9  66   25              
     3,6   14  58   28              
     3,7   12  60   28              
     3,8    3  85   11              
     3,9    3  81   15              
    3,10    6  80   14              
    3,11    8  80   12              
    3,12   10  72   17              
    3,13    6  78   16              
    3,14    4  82   14              
    3,15    7  79   14              
    3,16    7  62   31              
    3,17    9  63   28              
    3,18    7  59   34              
    3,19    7  57   36              
 3,total    9  72   19 219213 269453
                                    

10:30:13 03/14/2018
node,cpu user sys idle intr/s ctxt/s
     0,0   17  72   11              
     0,1    0  93    6              
     0,2   19  71   11              
     0,3    9  68   23              
     0,4   26  61   13              
     0,5    4  66   30              
     0,6   11  60   30              
     0,7   11  61   28              
     0,8    5  82   13              
     0,9    0  82   18              
    0,10    0  81   19              
    0,11    0  83   17              
    0,12   20  62   18              
    0,13    0  80   20              
    0,14    0  83   17              
    0,15    0  80   20              
    0,16    7  60   33              
    0,17    0  65   35              
    0,18   27  42   31              
    0,19    3  61   35              
 0,total    8  71   21 219413 246412
                                    
     1,0    0  87   13              
     1,1    0  82   18              
     1,2    0  78   22              
     1,3    0  64   36              
     1,4    0  79   21              
     1,5    0  58   42              
     1,6    0  56   44              
     1,7    0  54   46              
     1,8    0  79   21              
     1,9    0  75   25              
    1,10    0  76   24              
    1,11    0  77   23              
    1,12    0  67   33              
    1,13    0  74   26              
    1,14    0  76   24              
    1,15    0  73   27              
    1,16    0  55   45              
    1,17    0  56   44              
    1,18    0  48   52              
    1,19    0  49   51              
 1,total    0  68   32 219093 283003
                                    
     2,0    0  82   18              
     2,1    0  85   15              
     2,2    2  78   20              
     2,3    0  62   38              
     2,4    0  72   27              
     2,5    0  57   43              
     2,6    0  55   45              
     2,7    0  53   47              
     2,8    0  77   23              
     2,9    0  72   28              
    2,10    0  74   26              
    2,11    0  76   24              
    2,12    6  60   34              
    2,13    0  73   27              
    2,14    0  75   25              
    2,15    0  71   28              
    2,16    0  56   44              
    2,17    0  53   47              
    2,18    0  44   56              
    2,19    0  45   55              
 2,total    0  66   34 223257 294522
                                    
     3,0    1  88   11              
     3,1    1  87   12              
     3,2    2  80   18              
     3,3    1  68   31              
     3,4    0  83   16              
     3,5    0  63   37              
     3,6    0  60   39              
     3,7    0  59   40              
     3,8    0  83   17              
     3,9    1  79   21              
    3,10    0  79   21              
    3,11    1  82   17              
    3,12    3  72   26              
    3,13    0  78   22              
    3,14    0  81   19              
    3,15    0  79   21              
    3,16    0  60   39              
    3,17    0  60   39              
    3,18    0  56   44              
    3,19    0  51   48              
 3,total    1  72   27 215234 274673
                                    

10:30:43 03/14/2018
node,cpu user sys idle intr/s ctxt/s
     0,0    0  88   12              
     0,1    1  90    9              
     0,2    0  86   13              
     0,3   54  32   15              
     0,4    0  81   19              
     0,5   38  41   21              
     0,6   66  22   13              
     0,7   11  56   33              
     0,8    0  85   14              
     0,9    3  80   17              
    0,10    0  79   21              
    0,11    0  82   18              
    0,12   10  67   23              
    0,13    0  78   22              
    0,14    0  80   20              
    0,15    0  78   22              
    0,16    0  62   38              
    0,17    0  62   38              
    0,18    0  54   46              
    0,19   14  49   37              
 0,total   10  68   23 229719 267313
                                    
     1,0    0  89   11              
     1,1    0  85   15              
     1,2    0  81   19              
     1,3    0  66   34              
     1,4    0  81   19              
     1,5    0  61   39              
     1,6    0  57   43              
     1,7    0  53   47              
     1,8    0  82   18              
     1,9    0  76   24              
    1,10    0  76   24              
    1,11    0  78   22              
    1,12    0  67   33              
    1,13    0  76   24              
    1,14    0  77   23              
    1,15    0  73   27              
    1,16    0  57   43              
    1,17    0  56   44              
    1,18    0  50   50              
    1,19    0  48   52              
 1,total    0  69   31 224190 288847
                                    
     2,0    0  85   15              
     2,1    0  88   12              
     2,2    3  80   17              
     2,3    0  67   33              
     2,4    0  77   23              
     2,5    0  59   40              
     2,6    0  58   42              
     2,7    0  52   48              
     2,8    0  81   19              
     2,9    0  76   24              
    2,10    0  76   24              
    2,11    0  79   21              
    2,12    8  63   30              
    2,13    0  77   23              
    2,14    0  77   23              
    2,15    0  74   26              
    2,16    0  57   43              
    2,17    0  53   47              
    2,18    0  44   56              
    2,19    0  44   56              
 2,total    1  68   31 227040 293546
                                    
     3,0    4  86   10              
     3,1    4  85   11              
     3,2    3  81   16              
     3,3    4  67   29              
     3,4    3  82   15              
     3,5    6  60   33              
     3,6    3  60   37              
     3,7    9  54   38              
     3,8    0  84   15              
     3,9    2  78   20              
    3,10    3  76   22              
    3,11    4  79   17              
    3,12    6  67   27              
    3,13    1  78   22              
    3,14    4  79   17              
    3,15    0  79   20              
    3,16    1  61   38              
    3,17    8  54   38              
    3,18    5  49   45              
    3,19    4  52   44              
 3,total    4  71   26 221042 273194
                                    

10:31:13 03/14/2018
node,cpu user sys idle intr/s ctxt/s
     0,0    6  81   13              
     0,1    3  88    9              
     0,2   19  68   13              
     0,3    5  65   30              
     0,4    0  79   21              
     0,5    2  61   37              
     0,6   24  44   32              
     0,7   16  53   31              
     0,8    1  84   16              
     0,9    0  79   21              
    0,10    0  80   20              
    0,11    2  80   19              
    0,12   17  57   26              
    0,13    0  77   23              
    0,14    2  79   19              
    0,15    0  77   23              
    0,16   15  53   32              
    0,17    0  60   40              
    0,18   31  39   31              
    0,19    7  49   45              
 0,total    7  68   25 221960 270818
                                    
     1,0    0  87   13              
     1,1    0  81   19              
     1,2    0  76   24              
     1,3    0  61   39              
     1,4    0  78   22              
     1,5    0  56   44              
     1,6    0  51   49              
     1,7    0  49   51              
     1,8    0  78   22              
     1,9    0  72   28              
    1,10    0  73   27              
    1,11    0  75   25              
    1,12    0  65   35              
    1,13    0  73   27              
    1,14    0  73   27              
